1 100 -5 20 300
-1000.0 -5002003017.0
-993.3110367892976 -4902311519.441089
-986.6220735785953 -4803953489.342438
-979.9331103678929 -4706919948.330368
-973.2441471571906 -4611201918.031199
-966.5551839464883 -4516790420.071256
-959.866220735786 -4423676476.076855
-953.1772575250836 -4331851107.674317
-946.4882943143813 -4241305336.489966
-939.7993311036789 -4152030184.1501207
-933.1103678929766 -4064016672.281104
-926.4214046822742 -3977255822.5092344
-919.7324414715719 -3891738656.4608345
-913.0434782608695 -3807456195.762225
-906.3545150501673 -3724399462.0397277
-899.6655518394649 -3642559476.919661
-892.9765886287626 -3561927262.028347
-886.2876254180602 -3482493838.992107
-879.5986622073578 -3404250229.437262
-872.9096989966555 -3327187454.9901323
-866.2207357859531 -3251296537.277039
-859.5317725752509 -3176568497.924305
-852.8428093645484 -3102994358.5582466
-846.1538461538462 -3030565140.805189
-839.4648829431438 -2959271866.2914515
-832.7759197324415 -2889105556.643355
-826.0869565217391 -2820057233.48722
-819.3979933110368 -2752117918.449367
-812.7090301003344 -2685278633.1561193
-806.0200668896321 -2619530399.2337956
-799.3311036789298 -2554864238.3087187
-792.6421404682275 -2491271172.007208
-785.9531772575251 -2428742221.955584
-779.2642140468228 -2367268409.7801685
-772.5752508361204 -2306840757.1072817
-765.886287625418 -2247450285.5632463
-759.1973244147157 -2189088016.774381
-752.5083612040133 -2131744972.3670077
-745.819397993311 -2075412173.9674475
-739.1304347826087 -2020080643.202022
-732.4414715719063 -1965741401.6970499
-725.752508361204 -1912385471.0788548
-719.0635451505017 -1860003872.9737556
-712.3745819397993 -1808587629.0080736
-705.685618729097 -1758127760.8081298
-698.9966555183946 -1708615290.0002458
-692.3076923076924 -1660041238.2107425
-685.6187290969899 -1612396627.0659387
-678.9297658862877 -1565672478.1921585
-672.2408026755852 -1519859813.2157197
-665.551839464883 -1474949653.7629461
-658.8628762541806 -1430933021.4601567
-652.1739130434783 -1387800937.9336731
-645.4849498327759 -1345544424.809816
-638.7959866220735 -1304154503.714906
-632.1070234113713 -1263622196.2752652
-625.4180602006688 -1223938524.1172125
-618.7290969899666 -1185094508.8670714
-612.0401337792642 -1147081172.1511607
-605.3511705685619 -1109889535.5958018
-598.6622073578595 -1073510620.827316
-591.9732441471572 -1037935449.4720242
-585.2842809364549 -1003155043.1562475
-578.5953177257525 -969160423.5063055
-571.9063545150502 -935942612.1485211
-565.2173913043478 -903492630.709213
-558.5284280936455 -871801500.8147045
-551.8394648829432 -840860244.0913148
-545.1505016722408 -810659882.1653655
-538.4615384615385 -781191436.663177
-531.7725752508361 -752445929.2110708
-525.0836120401339 -724414381.4353677
-518.3946488294314 -697087814.9623878
-511.7056856187291 -670457251.4184533
-505.01672240802674 -644513712.4298843
-498.32775919732444 -619248219.623002
-491.6387959866221 -594651794.624127
-484.94983277591973 -570715459.0595804
-478.2608695652174 -547430234.5556834
-471.571906354515 -524787142.73875636
-464.88294314381267 -502777205.2351206
-458.1939799331103 -481391443.6710968
-451.5050167224081 -460620879.6730064
-444.8160535117057 -440456534.8671695
-438.12709030100336 -420889430.8799073
-431.438127090301 -401910589.3375409
-424.74916387959865 -383511031.8663911
-418.0602006688963 -365681780.09277886
-411.37123745819395 -348413855.6430249
-404.6822742474916 -331698280.1434505
-397.99331103678935 -315526075.22037643
-391.304347826087 -299888262.5001234
-384.61538461538464 -284775863.6090123
-377.9264214046823 -270179900.17336434
-371.23745819397993 -256091393.81950015
-364.5484949832776 -242501366.1737408
-357.8595317725752 -229400838.8624072
-351.17056856187287 -216780833.51182023
-344.4816053511705 -204632371.7483007
-337.7926421404683 -192946475.19816992
-331.1036789297659 -181714165.48774827
-324.41471571906357 -170926464.24335685
-317.7257525083612 -160574393.09131667
-311.03678929765886 -150648973.65794852
-304.3478260869565 -141141227.5695734
-297.65886287625415 -132042176.45251219
-290.9698996655518 -123342841.9330858
-284.28093645484955 -115034245.6376153
-277.5919732441472 -107107409.19242126
-270.90301003344484 -99553354.2238248
-264.2140468227425 -92363102.35814679
-257.52508361204013 -85527675.22170815
-250.83612040133778 -79038094.4408298
-244.14715719063543 -72885381.64183263
-237.45819397993307 -67060558.45103759
-230.76923076923072 -61554646.494765535
-224.08026755852848 -56358667.399337515
-217.39130434782612 -51463642.791074246
-210.70234113712377 -46860594.2962967
-204.0133779264214 -42540543.54132583
-197.32441471571906 -38494512.152482525
-190.6354515050167 -34713521.75608769
-183.94648829431435 -31188593.978462253
-177.257525083612 -27910750.445927106
-170.56856187290975 -24871012.78480322
-163.8795986622074 -22060402.6214114
-157.19063545150505 -19469941.582072612
-150.5016722408027 -17090651.293107767
-143.81270903010034 -14913553.380837772
-137.12374581939798 -12929669.471583538
-130.43478260869563 -11130021.191665975
-123.74581939799327 -9505630.167405995
-117.05685618729092 -8047518.025124509
-110.36789297658868 -6746706.391142447
-103.67892976588632 -5594216.891780675
-96.98996655518397 -4581071.1533601275
-90.30100334448161 -3698290.8022017158
-83.61204013377926 -2936897.4646263486
-76.9230769230769 -2287912.766954937
-70.23411371237455 -1742358.3355083922
-63.5451505016722 -1291255.7966076233
-56.856187290969956 -925626.7765735479
-50.1672240802676 -636492.9017270629
-43.47826086956525 -414875.7983890861
-36.78929765886289 -251797.09288052784
-30.100334448160538 -138278.41152229864
-23.411371237458184 -65341.38063530889
-16.72240802675583 -24007.626540469042
-10.033444816053475 -5298.775558689533
-3.3444816053511204 -236.45401088080698
3.3444816053511204 157.71178204667896
10.033444816053475 4862.095499182371
16.72240802675583 22855.07081961581
23.411371237458184 63115.01142243655
30.100334448160538 134620.29098673415
36.78929765886278 246349.2831915959
43.47826086956525 407280.36171611823
50.16722408026749 626391.9002393795
56.856187290969956 912662.2724404845
63.5451505016722 1275069.8519985029
70.23411371237466 1722593.0125925494
76.9230769230769 2264210.1279016826
83.61204013377937 2908899.571605029
90.30100334448161 3665639.717381635
96.98996655518386 4543408.938910609
103.67892976588632 5551185.609871077
110.36789297658856 6697948.103942059
117.05685618729103 7992674.794802724
123.74581939799327 9444344.056132073
130.43478260869574 11061934.261609295
137.12374581939798 12854423.784913365
143.81270903010022 14830790.999723433
150.5016722408027 17000014.279718656
157.19063545150493 19371071.998577982
163.8795986622074 21952942.529980656
170.56856187290964 24754604.247605603
177.2575250836121 27785035.52513209
183.94648829431435 31053214.736239012
190.63545150501682 34568120.254605666
197.32441471571906 38338730.45391092
204.0133779264213 42374023.70783397
210.70234113712377 46682978.39005405
217.391304347826 51274572.874249965
224.08026755852848 56157785.53410111
230.76923076923072 61341594.74328625
237.45819397993318 66834978.87548483
244.14715719063543 72646916.30437557
250.8361204013379 78786385.40363792
257.52508361204013 85262364.54695061
264.2140468227424 92083832.10799286
270.90301003344484 99259766.46044406
277.5919732441471 106799145.97798282
284.28093645484955 114710949.0342887
290.9698996655518 123004154.00304028
297.65886287625426 131687739.25791721
304.3478260869565 140770683.172598
311.03678929765897 150261964.12076232
317.7257525083612 160170560.47608867
324.41471571906345 170505450.61225638
331.1036789297659 181275612.90294498
337.79264214046816 192490025.72183278
344.48160535117063 204157667.44259968
351.17056856187287 216287516.43892393
357.85953177257534 228888551.08448547
364.5484949832776 241969749.75296253
371.2374581939798 255540090.81803462
377.9264214046823 269608552.6533813
384.6153846153845 284184113.6326808
391.304347826087 299275752.12961304
397.99331103678924 314892446.51785606
404.6822742474917 331043175.17109025
411.37123745819395 347736916.4629934
418.0602006688964 364982648.7672459
424.74916387959865 382789350.45752543
431.4381270903009 401165999.90751183
438.12709030100336 420121575.49088484
444.8160535117056 439665055.5813222
451.5050167224081 459805418.5525044
458.1939799331103 480551642.7781091
464.8829431438128 501912706.6318167
471.571906354515 523897588.487305
478.2608695652175 546515266.7182547
484.94983277591973 569774719.6983429
491.638795986622 593684925.80125
498.32775919732444 618254863.4006555
505.0167224080267 643493510.870237
511.70568561872915 669409846.5836755
518.3946488294314 696012848.9146478
525.0836120401339 723311496.2368354
531.7725752508361 751314766.9239151
538.4615384615386 780031639.3495681
545.1505016722408 809471091.8874714
551.839464882943 839642102.9113052
558.5284280936455 870553650.7947496
565.2173913043478 902214713.9114814
571.9063545150502 934634270.6351823
578.5953177257525 967821299.3395288
585.2842809364549 1001784778.3982023
591.9732441471572 1036533686.1848798
598.6622073578594 1072077001.0732411
605.3511705685619 1108423701.436967
612.0401337792641 1145582765.6497338
618.7290969899666 1183563172.0852234
625.4180602006688 1222373899.117112
632.1070234113713 1262023925.1190815
638.7959866220735 1302522228.4648082
645.484949832776 1343877787.527974
652.1739130434783 1386099580.6822555
658.8628762541805 1429196586.3013325
665.551839464883 1473177782.7588859
672.2408026755852 1518052148.4285922
678.9297658862877 1563828661.6841328
685.6187290969899 1610516300.8991845
692.3076923076924 1658124044.4474287
698.9966555183946 1706660870.702542
705.6856187290971 1756135758.0382066
712.3745819397993 1806557684.828098
719.0635451505016 1857935629.4458969
725.752508361204 1910278570.2652843
732.4414715719063 1963595485.6599362
739.1304347826087 2017895354.0035343
745.819397993311 2073187153.6697552
752.5083612040135 2129479863.0322807
759.1973244147157 2186782460.464787
765.8862876254182 2245103924.340956
772.5752508361204 2304453233.034464
779.2642140468226 2364839364.9189906
785.9531772575251 2426271298.368219
792.6421404682274 2488758011.7558227
799.3311036789298 2552308483.4554844
806.0200668896321 2616931691.840881
812.7090301003345 2682636615.285694
819.3979933110368 2749432232.1635985
826.0869565217392 2817327520.848279
832.7759197324415 2886331459.71341
839.4648829431437 2956453027.132671
846.1538461538462 3027701201.479745
852.8428093645484 3100084961.1283073
859.5317725752509 3173613284.4520397
866.2207357859531 3248295149.824617
872.9096989966556 3324139535.619724
879.5986622073578 3401155420.2110343
886.2876254180601 3479351781.9722295
892.9765886287626 3558737599.276991
899.6655518394648 3639321850.4989934
906.3545150501673 3721113514.0119205
913.0434782608695 3804121568.1894464
919.732441471572 3888354991.4052553
926.4214046822742 3973822762.033021
933.1103678929767 4060533858.4464273
939.7993311036789 4148497259.019149
946.4882943143812 4237721942.1248674
953.1772575250836 4328216886.137265
959.8662207357859 4419991069.430014
966.5551839464883 4513053470.3768
973.2441471571906 4607413067.351296
979.933110367893 4703078838.727187
986.6220735785953 4800059762.878147
993.3110367892978 4898364818.177861
1000.0 4998002983.0
