1 100 -5 20 300
0.0 -17.0
0.33444816053511706 -16.0333172109176
0.6688963210702341 -14.3917600002903
1.0033444816053512 -10.953031658231922
1.3377926421404682 -4.594835474856271
1.6722408026755853 5.805125259722839
2.0066889632107023 21.369147255391596
2.3411371237458196 43.21952722203622
2.6755852842809364 72.47856186954282
3.0100334448160533 110.26854790779763
3.3444816053511706 157.71178204668686
3.678929765886288 215.93056099609672
4.013377926421405 286.0471814659133
4.3478260869565215 369.1839401660228
4.682274247491639 466.4631338063118
5.016722408026756 579.0070590966657
5.351170568561873 707.9380127469713
5.68561872909699 854.3782914671143
6.020066889632107 1019.4501919669815
6.354515050167224 1204.276010956459
6.688963210702341 1409.9780451454326
7.023411371237458 1637.6785912437883
7.357859531772576 1888.4999459614137
7.6923076923076925 2163.564406008193
8.02675585284281 2463.994268094013
8.361204013377927 2790.9118289287617
8.695652173913043 3145.439385222322
9.03010033444816 3528.6992336845833
9.364548494983278 3941.8136710254316
9.698996655518394 4385.9049939547485
10.033444816053512 4862.0954991824265
10.367892976588628 5371.507483418346
10.702341137123746 5915.263243372398
11.036789297658864 6494.485075754467
11.37123745819398 7110.2952772744375
11.705685618729097 7763.816144642198
12.040133779264213 8456.169974567632
12.37458193979933 9188.47906376063
12.709030100334449 9961.865708931076
13.043478260869565 10777.452206788852
13.377926421404682 11636.360854043854
13.7123745819398 12539.71394740596
14.046822742474916 13488.633783585054
14.381270903010034 14484.24265929103
14.715719063545151 15527.662871233775
15.050167224080267 16620.016716123162
15.384615384615385 17762.4264906691
15.719063545150501 18956.014491581445
16.05351170568562 20201.903015570108
16.387959866220736 21501.214359344965
16.722408026755854 22855.07081961591
17.05685618729097 24264.594693092808
17.391304347826086 25730.908276485574
17.725752508361204 27255.13386650408
18.06020066889632 28838.39375985821
18.39464882943144 30481.810253257856
18.729096989966557 32186.505643412907
19.06354515050167 33953.60222703322
19.39799331103679 35784.22230082871
19.732441471571907 37679.48816150927
20.066889632107024 39640.522105784774
20.401337792642142 41668.446430365104
20.735785953177256 43764.38343196014
21.070234113712374 45929.45540727979
21.40468227424749 48164.78465303393
21.73913043478261 50471.49346593244
22.073578595317727 52850.704142685216
22.40802675585284 55303.53898000212
22.74247491638796 57831.12027459308
23.076923076923077 60434.57032316795
23.411371237458194 63115.01142243663
23.745819397993312 65873.565869109
24.080267558528426 68711.35595989494
24.414715719063544 71629.50399150436
24.74916387959866 74629.13226064712
25.08361204013378 77711.36306403312
25.418060200668897 80877.31869837226
25.752508361204015 84128.12146037439
26.08695652173913 87464.89364674939
26.421404682274247 90888.7575542072
26.755852842809364 94400.83547945769
27.090301003344482 98002.24971921074
27.4247491638796 101694.12257017622
27.759197324414714 105477.57632906396
28.093645484949832 109353.73329258397
28.42809364548495 113323.71575744609
28.762541806020067 117388.64602036017
29.096989966555185 121549.64637803617
29.431438127090303 125807.83912718388
29.765886287625417 130164.34656451321
30.100334448160535 134620.2909867341
30.434782608695652 139176.79469055642
30.76923076923077 143834.97997269005
31.103678929765888 148595.96912984486
31.438127090301002 153460.8844587307
31.77257525083612 158430.8482560575
32.10702341137124 163506.9828185352
32.441471571906355 168690.41044287366
32.77591973244147 173982.25342578263
33.11036789297659 179383.63406397222
33.44481605351171 184895.67465415213
33.779264214046826 190519.4974930324
34.11371237458194 196256.22487732265
34.448160535117054 202106.979103733
34.78260869565217 208072.88246897343
35.11705685618729 214155.0572697536
35.45150501672241 220354.62580278353
35.785953177257525 226672.710364773
36.12040133779264 233110.43325243195
36.45484949832776 239668.9167624703
36.78929765886288 246349.2831915979
37.123745819397996 253152.65483652463
37.458193979933114 260080.15399396044
37.792642140468224 267132.90296061494
38.12709030100334 274312.0240331984
38.46153846153846 281618.63950842054
38.79598662207358 289053.8716829912
39.130434782608695 296618.8428536204
39.46488294314381 304314.6753170179
39.79933110367893 312142.4913698937
40.13377926421405 320103.4133089576
40.468227424749166 328198.56343091954
40.802675585284284 336429.0640324892
41.137123745819395 344796.03741037665
41.47157190635451 353300.60586129175
41.80602006688963 361943.89168194454
42.14046822742475 370727.0171690447
42.474916387959865 379651.1046193021
42.80936454849498 388717.27632942685
43.1438127090301 397926.6545961286
43.47826086956522 407280.3617161174
43.812709030100336 416779.51998610306
44.147157190635454 426425.2517027954
44.48160535117057 436218.67916290445
44.81605351170568 446160.92466313974
45.1505016722408 456253.1105002117
45.48494983277592 466496.3589708299
45.819397993311036 476891.79237170436
46.15384615384615 487440.53299954487
46.48829431438127 498143.70315106126
46.82274247491639 509002.4251229635
47.15719063545151 520017.8212119615
47.491638795986624 531191.0137147651
47.82608695652174 542523.1249280842
48.16053511705685 554015.2771486286
48.49498327759197 565668.5926731083
48.82943143812709 577484.1937982332
49.163879598662206 589463.202820713
49.49832775919732 601606.7420372581
49.83277591973244 613915.9337445778
50.16722408026756 626391.9002393822
50.50167224080268 639035.7638183811
50.836120401337794 651848.6467782847
51.17056856187291 664831.6714158024
51.50501672240803 677985.9600276445
51.83946488294314 691312.6349105205
52.17391304347826 704812.8183611407
52.508361204013376 718487.6326762149
52.84280936454849 732338.2001524527
53.17725752508361 746365.6430865643
53.51170568561873 760571.0837752594
53.84615384615385 774955.6445152481
54.180602006688964 789520.4476032401
54.51505016722408 804266.6153359452
54.8494983277592 819195.2700100734
55.18394648829432 834307.5339223348
55.51839464882943 849604.5293694385
55.852842809364546 865087.3786480954
56.187290969899664 880757.204055015
56.52173913043478 896615.1278869071
56.8561872909699 912662.2724404817
57.19063545150502 928899.7600124485
57.525083612040135 945328.7128995175
57.85953177257525 961950.2533983989
58.19397993311037 978765.5038058019
58.52842809364549 995775.5864184366
58.862876254180605 1012981.6235330134
59.197324414715716 1030384.7374462412
59.531772575250834 1047986.0504548312
59.86622073578595 1065786.6848554923
60.20066889632107 1083787.762944935
60.53511705685619 1101990.4070198685
60.869565217391305 1120395.7393770032
61.20401337792642 1139004.8823130492
61.53846153846154 1157818.9581247158
61.87290969899666 1176839.089108713
62.207357859531776 1196066.3975617508
62.541806020066886 1215502.0057805385
62.876254180602004 1235147.0360617875
63.21070234113712 1255002.6107022064
63.54515050167224 1275069.8519985054
63.87959866220736 1295349.8822473944
64.21404682274247 1315843.8237455834
64.54849498327759 1336552.7987897827
64.88294314381271 1357477.9296767013
65.21739130434783 1378620.338703049
65.55183946488295 1399981.1481655368
65.88628762541806 1421561.480360874
66.22073578595318 1443362.45758577
66.5551839464883 1465385.2021369354
66.88963210702342 1487630.8363110796
67.22408026755853 1510100.4824049133
67.55852842809365 1532795.2627151452
67.89297658862876 1555716.299538485
68.22742474916387 1578864.7151716442
68.56187290969899 1602241.6319113318
68.89632107023411 1625848.1720542577
69.23076923076923 1649685.457897132
69.56521739130434 1673754.6117366645
69.89966555183946 1698056.7558695646
70.23411371237458 1722593.0125925431
70.5685618729097 1747364.504202309
70.90301003344482 1772372.3529955728
71.23745819397993 1797617.6812690436
71.57190635451505 1823101.6113194323
71.90635451505017 1848825.265443448
72.24080267558529 1874789.765937801
72.5752508361204 1900996.2350992013
72.90969899665552 1927445.7952243586
73.24414715719064 1954139.5686099823
73.57859531772576 1981078.677552783
73.91304347826087 2008264.2443494701
74.24749163879599 2035697.3912967541
74.58193979933111 2063379.2406913443
74.91638795986623 2091310.914829951
75.25083612040133 2119493.5360092823
75.58528428093645 2147928.226526051
75.91973244147157 2176616.1086769653
76.25418060200668 2205558.304758736
76.5886287625418 2234755.937068072
76.92307692307692 2264210.1279016836
77.25752508361204 2293921.9995562807
77.59197324414716 2323892.674328574
77.92642140468227 2354123.2745152717
78.26086956521739 2384614.9224130847
78.59531772575251 2415368.740318722
78.92976588628763 2446385.8505288954
79.26421404682274 2477667.3753403127
79.59866220735786 2509214.4370496855
79.93311036789298 2541028.1579537224
80.2675585284281 2573109.660349134
80.60200668896321 2605460.06653263
80.93645484949833 2638080.4988009203
81.27090301003345 2670972.0794507144
81.60535117056857 2704135.930778722
81.93979933110369 2737573.1750816545
82.27424749163879 2771284.9346562186
82.6086956521739 2805272.331799128
82.94314381270902 2839536.4888070915
83.27759197324414 2874078.5279768175
83.61204013377926 2908899.5716050174
83.94648829431438 2944000.7419884
84.2809364548495 2979383.161423677
84.61538461538461 3015047.9522075555
84.94983277591973 3050996.236636747
85.28428093645485 3087229.137007962
85.61872909698997 3123747.775617909
85.95317725752508 3160553.2747632996
86.2876254180602 3197646.7567408415
86.62207357859532 3235029.3438472464
86.95652173913044 3272702.1583792227
87.29096989966555 3310666.3226334816
87.62541806020067 3348922.9589067325
87.95986622073579 3387473.1894956846
88.29431438127091 3426318.136697049
88.62876254180603 3465458.9228075356
88.96321070234114 3504896.670123853
89.29765886287625 3544632.5009427094
89.63210702341136 3584667.53756082
89.96655518394648 3625002.9022748903
90.3010033444816 3665639.7173816334
90.63545150501672 3706579.105177756
90.96989966555184 3747822.1879599704
91.30434782608695 3789370.088024985
91.63879598662207 3831223.9276695107
91.97324414715719 3873384.8291902565
92.3076923076923 3915853.9148839326
92.64214046822742 3958632.307047249
92.97658862876254 4001721.1279769153
93.31103678929766 4045121.499969642
93.64548494983278 4088834.545322138
93.9799331103679 4132861.3863311145
94.31438127090301 4177203.145293281
94.64882943143813 4221860.944505346
94.98327759197325 4266835.906264021
95.31772575250837 4312129.152866015
95.65217391304348 4357741.806608039
95.9866220735786 4403674.989786802
96.3210702341137 4449929.824699011
96.65551839464882 4496507.433641382
96.98996655518394 4543408.938910621
97.32441471571906 4590635.462803438
97.65886287625418 4638188.127616545
97.9933110367893 4686068.05564665
98.32775919732441 4734276.369190463
98.66220735785953 4782814.190544695
98.99665551839465 4831682.6420060545
99.33110367892976 4880882.845871251
99.66555183946488 4930415.924436998
100.0 4980283.0
