2 100 -5 5 400
-1.0 -1.0 12.0
-1.0 -0.8947368421052632 10.947368421052632
-1.0 -0.7894736842105263 9.894736842105264
-1.0 -0.6842105263157895 8.842105263157896
-1.0 -0.5789473684210527 7.789473684210526
-1.0 -0.4736842105263158 6.7368421052631575
-1.0 -0.368421052631579 5.68421052631579
-1.0 -0.26315789473684215 4.631578947368421
-1.0 -0.1578947368421053 3.578947368421053
-1.0 -0.052631578947368474 2.5263157894736845
-1.0 0.05263157894736836 1.4736842105263164
-1.0 0.1578947368421053 0.4210526315789469
-1.0 0.26315789473684204 -0.6315789473684204
-1.0 0.36842105263157876 -1.6842105263157876
-1.0 0.4736842105263157 -2.7368421052631566
-1.0 0.5789473684210527 -3.7894736842105257
-1.0 0.6842105263157894 -4.842105263157894
-1.0 0.7894736842105261 -5.894736842105262
-1.0 0.894736842105263 -6.947368421052631
-1.0 1.0 -8.0
-0.8947368421052632 -1.0 11.484764542936288
-0.8947368421052632 -0.8947368421052632 10.465373961218837
-0.8947368421052632 -0.7894736842105263 9.445983379501385
-0.8947368421052632 -0.6842105263157895 8.426592797783934
-0.8947368421052632 -0.5789473684210527 7.407202216066482
-0.8947368421052632 -0.4736842105263158 6.387811634349031
-0.8947368421052632 -0.368421052631579 5.36842105263158
-0.8947368421052632 -0.26315789473684215 4.349030470914128
-0.8947368421052632 -0.1578947368421053 3.3296398891966765
-0.8947368421052632 -0.052631578947368474 2.310249307479225
-0.8947368421052632 0.05263157894736836 1.2908587257617734
-0.8947368421052632 0.1578947368421053 0.27146814404432096
-0.8947368421052632 0.26315789473684204 -0.7479224376731295
-0.8947368421052632 0.36842105263157876 -1.76731301939058
-0.8947368421052632 0.4736842105263157 -2.786703601108032
-0.8947368421052632 0.5789473684210527 -3.8060941828254844
-0.8947368421052632 0.6842105263157894 -4.825484764542935
-0.8947368421052632 0.7894736842105261 -5.844875346260386
-0.8947368421052632 0.894736842105263 -6.864265927977838
-0.8947368421052632 1.0 -7.883656509695291
-0.7894736842105263 -1.0 10.99168975069252
-0.7894736842105263 -0.8947368421052632 10.005540166204987
-0.7894736842105263 -0.7894736842105263 9.019390581717452
-0.7894736842105263 -0.6842105263157895 8.033240997229917
-0.7894736842105263 -0.5789473684210527 7.0470914127423825
-0.7894736842105263 -0.4736842105263158 6.0609418282548475
-0.7894736842105263 -0.368421052631579 5.074792243767313
-0.7894736842105263 -0.26315789473684215 4.088642659279779
-0.7894736842105263 -0.1578947368421053 3.1024930747922443
-0.7894736842105263 -0.052631578947368474 2.11634349030471
-0.7894736842105263 0.05263157894736836 1.130193905817175
-0.7894736842105263 0.1578947368421053 0.1440443213296395
-0.7894736842105263 0.26315789473684204 -0.842105263157894
-0.7894736842105263 0.36842105263157876 -1.8282548476454274
-0.7894736842105263 0.4736842105263157 -2.814404432132963
-0.7894736842105263 0.5789473684210527 -3.8005540166204987
-0.7894736842105263 0.6842105263157894 -4.786703601108032
-0.7894736842105263 0.7894736842105261 -5.772853185595566
-0.7894736842105263 0.894736842105263 -6.759002770083102
-0.7894736842105263 1.0 -7.745152354570637
-0.6842105263157895 -1.0 10.520775623268698
-0.6842105263157895 -0.8947368421052632 9.56786703601108
-0.6842105263157895 -0.7894736842105263 8.614958448753463
-0.6842105263157895 -0.6842105263157895 7.662049861495845
-0.6842105263157895 -0.5789473684210527 6.7091412742382275
-0.6842105263157895 -0.4736842105263158 5.75623268698061
-0.6842105263157895 -0.368421052631579 4.8033240997229925
-0.6842105263157895 -0.26315789473684215 3.8504155124653745
-0.6842105263157895 -0.1578947368421053 2.8975069252077565
-0.6842105263157895 -0.052631578947368474 1.944598337950139
-0.6842105263157895 0.05263157894736836 0.9916897506925213
-0.6842105263157895 0.1578947368421053 0.03878116343490268
-0.6842105263157895 0.26315789473684204 -0.9141274238227142
-0.6842105263157895 0.36842105263157876 -1.8670360110803306
-0.6842105263157895 0.4736842105263157 -2.8199445983379494
-0.6842105263157895 0.5789473684210527 -3.772853185595568
-0.6842105263157895 0.6842105263157894 -4.725761772853184
-0.6842105263157895 0.7894736842105261 -5.678670360110802
-0.6842105263157895 0.894736842105263 -6.63157894736842
-0.6842105263157895 1.0 -7.584487534626039
-0.5789473684210527 -1.0 10.07202216066482
-0.5789473684210527 -0.8947368421052632 9.152354570637119
-0.5789473684210527 -0.7894736842105263 8.232686980609419
-0.5789473684210527 -0.6842105263157895 7.313019390581718
-0.5789473684210527 -0.5789473684210527 6.393351800554017
-0.5789473684210527 -0.4736842105263158 5.473684210526316
-0.5789473684210527 -0.368421052631579 4.554016620498615
-0.5789473684210527 -0.26315789473684215 3.6343490304709145
-0.5789473684210527 -0.1578947368421053 2.714681440443214
-0.5789473684210527 -0.052631578947368474 1.795013850415513
-0.5789473684210527 0.05263157894736836 0.8753462603878122
-0.5789473684210527 0.1578947368421053 -0.04432132963988966
-0.5789473684210527 0.26315789473684204 -0.9639889196675895
-0.5789473684210527 0.36842105263157876 -1.8836565096952893
-0.5789473684210527 0.4736842105263157 -2.8033240997229907
-0.5789473684210527 0.5789473684210527 -3.7229916897506925
-0.5789473684210527 0.6842105263157894 -4.6426592797783925
-0.5789473684210527 0.7894736842105261 -5.562326869806093
-0.5789473684210527 0.894736842105263 -6.481994459833794
-0.5789473684210527 1.0 -7.401662049861496
-0.4736842105263158 -1.0 9.645429362880886
-0.4736842105263158 -0.8947368421052632 8.759002770083104
-0.4736842105263158 -0.7894736842105263 7.872576177285318
-0.4736842105263158 -0.6842105263157895 6.986149584487535
-0.4736842105263158 -0.5789473684210527 6.099722991689751
-0.4736842105263158 -0.4736842105263158 5.213296398891967
-0.4736842105263158 -0.368421052631579 4.326869806094184
-0.4736842105263158 -0.26315789473684215 3.4404432132963993
-0.4736842105263158 -0.1578947368421053 2.5540166204986154
-0.4736842105263158 -0.052631578947368474 1.6675900277008315
-0.4736842105263158 0.05263157894736836 0.7811634349030476
-0.4736842105263158 0.1578947368421053 -0.10526315789473717
-0.4736842105263158 0.26315789473684204 -0.9916897506925202
-0.4736842105263158 0.36842105263157876 -1.8781163434903032
-0.4736842105263158 0.4736842105263157 -2.7645429362880876
-0.4736842105263158 0.5789473684210527 -3.650969529085872
-0.4736842105263158 0.6842105263157894 -4.537396121883655
-0.4736842105263158 0.7894736842105261 -5.423822714681439
-0.4736842105263158 0.894736842105263 -6.310249307479223
-0.4736842105263158 1.0 -7.1966759002770075
-0.368421052631579 -1.0 9.240997229916898
-0.368421052631579 -0.8947368421052632 8.387811634349031
-0.368421052631579 -0.7894736842105263 7.534626038781163
-0.368421052631579 -0.6842105263157895 6.6814404432132966
-0.368421052631579 -0.5789473684210527 5.828254847645429
-0.368421052631579 -0.4736842105263158 4.975069252077563
-0.368421052631579 -0.368421052631579 4.121883656509696
-0.368421052631579 -0.26315789473684215 3.2686980609418286
-0.368421052631579 -0.1578947368421053 2.4155124653739617
-0.368421052631579 -0.052631578947368474 1.5623268698060946
-0.368421052631579 0.05263157894736836 0.7091412742382277
-0.368421052631579 0.1578947368421053 -0.1440443213296403
-0.368421052631579 0.26315789473684204 -0.9972299168975063
-0.368421052631579 0.36842105263157876 -1.8504155124653723
-0.368421052631579 0.4736842105263157 -2.70360110803324
-0.368421052631579 0.5789473684210527 -3.556786703601108
-0.368421052631579 0.6842105263157894 -4.409972299168975
-0.368421052631579 0.7894736842105261 -5.263157894736841
-0.368421052631579 0.894736842105263 -6.1163434903047085
-0.368421052631579 1.0 -6.969529085872576
-0.26315789473684215 -1.0 8.858725761772853
-0.26315789473684215 -0.8947368421052632 8.038781163434903
-0.26315789473684215 -0.7894736842105263 7.218836565096953
-0.26315789473684215 -0.6842105263157895 6.398891966759003
-0.26315789473684215 -0.5789473684210527 5.578947368421052
-0.26315789473684215 -0.4736842105263158 4.759002770083103
-0.26315789473684215 -0.368421052631579 3.939058171745153
-0.26315789473684215 -0.26315789473684215 3.1191135734072026
-0.26315789473684215 -0.1578947368421053 2.2991689750692528
-0.26315789473684215 -0.052631578947368474 1.4792243767313025
-0.26315789473684215 0.05263157894736836 0.6592797783933523
-0.26315789473684215 0.1578947368421053 -0.1606648199445988
-0.26315789473684215 0.26315789473684204 -0.980609418282548
-0.26315789473684215 0.36842105263157876 -1.800554016620497
-0.26315789473684215 0.4736842105263157 -2.620498614958448
-0.26315789473684215 0.5789473684210527 -3.4404432132963985
-0.26315789473684215 0.6842105263157894 -4.260387811634349
-0.26315789473684215 0.7894736842105261 -5.080332409972298
-0.26315789473684215 0.894736842105263 -5.9002770083102485
-0.26315789473684215 1.0 -6.7202216066482
-0.1578947368421053 -1.0 8.498614958448755
-0.1578947368421053 -0.8947368421052632 7.711911357340721
-0.1578947368421053 -0.7894736842105263 6.925207756232687
-0.1578947368421053 -0.6842105263157895 6.138504155124654
-0.1578947368421053 -0.5789473684210527 5.35180055401662
-0.1578947368421053 -0.4736842105263158 4.565096952908588
-0.1578947368421053 -0.368421052631579 3.7783933518005544
-0.1578947368421053 -0.26315789473684215 2.9916897506925215
-0.1578947368421053 -0.1578947368421053 2.204986149584488
-0.1578947368421053 -0.052631578947368474 1.4182825484764547
-0.1578947368421053 0.05263157894736836 0.6315789473684215
-0.1578947368421053 0.1578947368421053 -0.15512465373961248
-0.1578947368421053 0.26315789473684204 -0.9418282548476449
-0.1578947368421053 0.36842105263157876 -1.7285318559556773
-0.1578947368421053 0.4736842105263157 -2.515235457063711
-0.1578947368421053 0.5789473684210527 -3.3019390581717447
-0.1578947368421053 0.6842105263157894 -4.0886426592797775
-0.1578947368421053 0.7894736842105261 -4.87534626038781
-0.1578947368421053 0.894736842105263 -5.662049861495844
-0.1578947368421053 1.0 -6.448753462603878
-0.052631578947368474 -1.0 8.160664819944598
-0.052631578947368474 -0.8947368421052632 7.407202216066483
-0.052631578947368474 -0.7894736842105263 6.653739612188366
-0.052631578947368474 -0.6842105263157895 5.900277008310249
-0.052631578947368474 -0.5789473684210527 5.146814404432133
-0.052631578947368474 -0.4736842105263158 4.393351800554017
-0.052631578947368474 -0.368421052631579 3.6398891966759006
-0.052631578947368474 -0.26315789473684215 2.8864265927977844
-0.052631578947368474 -0.1578947368421053 2.132963988919668
-0.052631578947368474 -0.052631578947368474 1.3795013850415516
-0.052631578947368474 0.05263157894736836 0.6260387811634354
-0.052631578947368474 0.1578947368421053 -0.12742382271468178
-0.052631578947368474 0.26315789473684204 -0.8808864265927974
-0.052631578947368474 0.36842105263157876 -1.6343490304709127
-0.052631578947368474 0.4736842105263157 -2.38781163434903
-0.052631578947368474 0.5789473684210527 -3.1412742382271466
-0.052631578947368474 0.6842105263157894 -3.894736842105263
-0.052631578947368474 0.7894736842105261 -4.648199445983378
-0.052631578947368474 0.894736842105263 -5.401662049861495
-0.052631578947368474 1.0 -6.1551246537396125
0.05263157894736836 -1.0 7.844875346260388
0.05263157894736836 -0.8947368421052632 7.124653739612189
0.05263157894736836 -0.7894736842105263 6.404432132963989
0.05263157894736836 -0.6842105263157895 5.684210526315789
0.05263157894736836 -0.5789473684210527 4.96398891966759
0.05263157894736836 -0.4736842105263158 4.243767313019391
0.05263157894736836 -0.368421052631579 3.5235457063711917
0.05263157894736836 -0.26315789473684215 2.803324099722992
0.05263157894736836 -0.1578947368421053 2.083102493074793
0.05263157894736836 -0.052631578947368474 1.362880886426593
0.05263157894736836 0.05263157894736836 0.6426592797783937
0.05263157894736836 0.1578947368421053 -0.07756232686980646
0.05263157894736836 0.26315789473684204 -0.797783933518005
0.05263157894736836 0.36842105263157876 -1.5180055401662038
0.05263157894736836 0.4736842105263157 -2.238227146814404
0.05263157894736836 0.5789473684210527 -2.9584487534626036
0.05263157894736836 0.6842105263157894 -3.678670360110803
0.05263157894736836 0.7894736842105261 -4.398891966759002
0.05263157894736836 0.894736842105263 -5.119113573407202
0.05263157894736836 1.0 -5.839335180055402
0.1578947368421053 -1.0 7.551246537396122
0.1578947368421053 -0.8947368421052632 6.86426592797784
0.1578947368421053 -0.7894736842105263 6.177285318559557
0.1578947368421053 -0.6842105263157895 5.490304709141275
0.1578947368421053 -0.5789473684210527 4.803324099722991
0.1578947368421053 -0.4736842105263158 4.116343490304709
0.1578947368421053 -0.368421052631579 3.429362880886427
0.1578947368421053 -0.26315789473684215 2.7423822714681445
0.1578947368421053 -0.1578947368421053 2.055401662049862
0.1578947368421053 -0.052631578947368474 1.3684210526315792
0.1578947368421053 0.05263157894736836 0.6814404432132968
0.1578947368421053 0.1578947368421053 -0.005540166204986319
0.1578947368421053 0.26315789473684204 -0.6925207756232683
0.1578947368421053 0.36842105263157876 -1.37950138504155
0.1578947368421053 0.4736842105263157 -2.066481994459833
0.1578947368421053 0.5789473684210527 -2.753462603878116
0.1578947368421053 0.6842105263157894 -3.4404432132963985
0.1578947368421053 0.7894736842105261 -4.127423822714681
0.1578947368421053 0.894736842105263 -4.814404432132964
0.1578947368421053 1.0 -5.501385041551246
0.26315789473684204 -1.0 7.279778393351801
0.26315789473684204 -0.8947368421052632 6.626038781163436
0.26315789473684204 -0.7894736842105263 5.972299168975069
0.26315789473684204 -0.6842105263157895 5.318559556786704
0.26315789473684204 -0.5789473684210527 4.664819944598338
0.26315789473684204 -0.4736842105263158 4.011080332409972
0.26315789473684204 -0.368421052631579 3.357340720221607
0.26315789473684204 -0.26315789473684215 2.7036011080332414
0.26315789473684204 -0.1578947368421053 2.0498614958448753
0.26315789473684204 -0.052631578947368474 1.3961218836565101
0.26315789473684204 0.05263157894736836 0.7423822714681444
0.26315789473684204 0.1578947368421053 0.08864265927977799
0.26315789473684204 0.26315789473684204 -0.565096952908587
0.26315789473684204 0.36842105263157876 -1.218836565096952
0.26315789473684204 0.4736842105263157 -1.872576177285318
0.26315789473684204 0.5789473684210527 -2.526315789473684
0.26315789473684204 0.6842105263157894 -3.1800554016620497
0.26315789473684204 0.7894736842105261 -3.8337950138504144
0.26315789473684204 0.894736842105263 -4.487534626038781
0.26315789473684204 1.0 -5.1412742382271475
0.36842105263157876 -1.0 7.030470914127424
0.36842105263157876 -0.8947368421052632 6.409972299168976
0.36842105263157876 -0.7894736842105263 5.7894736842105265
0.36842105263157876 -0.6842105263157895 5.1689750692520775
0.36842105263157876 -0.5789473684210527 4.5484764542936285
0.36842105263157876 -0.4736842105263158 3.9279778393351803
0.36842105263157876 -0.368421052631579 3.3074792243767317
0.36842105263157876 -0.26315789473684215 2.686980609418283
0.36842105263157876 -0.1578947368421053 2.066481994459834
0.36842105263157876 -0.052631578947368474 1.4459833795013852
0.36842105263157876 0.05263157894736836 0.8254847645429364
0.36842105263157876 0.1578947368421053 0.20498614958448702
0.36842105263157876 0.26315789473684204 -0.415512465373961
0.36842105263157876 0.36842105263157876 -1.0360110803324094
0.36842105263157876 0.4736842105263157 -1.6565096952908585
0.36842105263157876 0.5789473684210527 -2.2770083102493075
0.36842105263157876 0.6842105263157894 -2.897506925207756
0.36842105263157876 0.7894736842105261 -3.5180055401662047
0.36842105263157876 0.894736842105263 -4.138504155124654
0.36842105263157876 1.0 -4.759002770083104
0.4736842105263157 -1.0 6.803324099722992
0.4736842105263157 -0.8947368421052632 6.21606648199446
0.4736842105263157 -0.7894736842105263 5.6288088642659275
0.4736842105263157 -0.6842105263157895 5.041551246537397
0.4736842105263157 -0.5789473684210527 4.454293628808864
0.4736842105263157 -0.4736842105263158 3.8670360110803323
0.4736842105263157 -0.368421052631579 3.2797783933518008
0.4736842105263157 -0.26315789473684215 2.6925207756232687
0.4736842105263157 -0.1578947368421053 2.105263157894737
0.4736842105263157 -0.052631578947368474 1.5180055401662051
0.4736842105263157 0.05263157894736836 0.9307479224376733
0.4736842105263157 0.1578947368421053 0.3434903047091409
0.4736842105263157 0.26315789473684204 -0.24376731301939047
0.4736842105263157 0.36842105263157876 -0.8310249307479216
0.4736842105263157 0.4736842105263157 -1.418282548476454
0.4736842105263157 0.5789473684210527 -2.005540166204986
0.4736842105263157 0.6842105263157894 -2.5927977839335177
0.4736842105263157 0.7894736842105261 -3.1800554016620497
0.4736842105263157 0.894736842105263 -3.7673130193905813
0.4736842105263157 1.0 -4.354570637119114
0.5789473684210527 -1.0 6.598337950138504
0.5789473684210527 -0.8947368421052632 6.04432132963989
0.5789473684210527 -0.7894736842105263 5.490304709141274
0.5789473684210527 -0.6842105263157895 4.93628808864266
0.5789473684210527 -0.5789473684210527 4.382271468144044
0.5789473684210527 -0.4736842105263158 3.8282548476454292
0.5789473684210527 -0.368421052631579 3.2742382271468147
0.5789473684210527 -0.26315789473684215 2.7202216066481997
0.5789473684210527 -0.1578947368421053 2.1662049861495847
0.5789473684210527 -0.052631578947368474 1.6121883656509697
0.5789473684210527 0.05263157894736836 1.058171745152355
0.5789473684210527 0.1578947368421053 0.5041551246537395
0.5789473684210527 0.26315789473684204 -0.04986149584487487
0.5789473684210527 0.36842105263157876 -0.6038781163434894
0.5789473684210527 0.4736842105263157 -1.1578947368421044
0.5789473684210527 0.5789473684210527 -1.7119113573407199
0.5789473684210527 0.6842105263157894 -2.2659279778393344
0.5789473684210527 0.7894736842105261 -2.8199445983379494
0.5789473684210527 0.894736842105263 -3.3739612188365644
0.5789473684210527 1.0 -3.9279778393351794
0.6842105263157894 -1.0 6.415512465373961
0.6842105263157894 -0.8947368421052632 5.894736842105264
0.6842105263157894 -0.7894736842105263 5.373961218836564
0.6842105263157894 -0.6842105263157895 4.853185595567867
0.6842105263157894 -0.5789473684210527 4.3324099722991685
0.6842105263157894 -0.4736842105263158 3.811634349030471
0.6842105263157894 -0.368421052631579 3.2908587257617734
0.6842105263157894 -0.26315789473684215 2.770083102493075
0.6842105263157894 -0.1578947368421053 2.2493074792243766
0.6842105263157894 -0.052631578947368474 1.7285318559556788
0.6842105263157894 0.05263157894736836 1.2077562326869806
0.6842105263157894 0.1578947368421053 0.6869806094182822
0.6842105263157894 0.26315789473684204 0.16620498614958468
0.6842105263157894 0.36842105263157876 -0.35457063711911285
0.6842105263157894 0.4736842105263157 -0.8753462603878113
0.6842105263157894 0.5789473684210527 -1.3961218836565097
0.6842105263157894 0.6842105263157894 -1.9168975069252077
0.6842105263157894 0.7894736842105261 -2.4376731301939056
0.6842105263157894 0.894736842105263 -2.958448753462604
0.6842105263157894 1.0 -3.4792243767313025
0.7894736842105261 -1.0 6.254847645429363
0.7894736842105261 -0.8947368421052632 5.767313019390582
0.7894736842105261 -0.7894736842105263 5.279778393351801
0.7894736842105261 -0.6842105263157895 4.792243767313019
0.7894736842105261 -0.5789473684210527 4.3047091412742375
0.7894736842105261 -0.4736842105263158 3.817174515235457
0.7894736842105261 -0.368421052631579 3.329639889196676
0.7894736842105261 -0.26315789473684215 2.8421052631578947
0.7894736842105261 -0.1578947368421053 2.3545706371191137
0.7894736842105261 -0.052631578947368474 1.8670360110803323
0.7894736842105261 0.05263157894736836 1.3795013850415512
0.7894736842105261 0.1578947368421053 0.8919667590027696
0.7894736842105261 0.26315789473684204 0.40443213296398883
0.7894736842105261 0.36842105263157876 -0.0831024930747919
0.7894736842105261 0.4736842105263157 -0.5706371191135733
0.7894736842105261 0.5789473684210527 -1.0581717451523547
0.7894736842105261 0.6842105263157894 -1.545706371191136
0.7894736842105261 0.7894736842105261 -2.033240997229917
0.7894736842105261 0.894736842105263 -2.520775623268699
0.7894736842105261 1.0 -3.0083102493074803
0.894736842105263 -1.0 6.116343490304709
0.894736842105263 -0.8947368421052632 5.662049861495845
0.894736842105263 -0.7894736842105263 5.207756232686981
0.894736842105263 -0.6842105263157895 4.753462603878116
0.894736842105263 -0.5789473684210527 4.299168975069252
0.894736842105263 -0.4736842105263158 3.8448753462603875
0.894736842105263 -0.368421052631579 3.3905817174515236
0.894736842105263 -0.26315789473684215 2.936288088642659
0.894736842105263 -0.1578947368421053 2.4819944598337953
0.894736842105263 -0.052631578947368474 2.027700831024931
0.894736842105263 0.05263157894736836 1.5734072022160666
0.894736842105263 0.1578947368421053 1.1191135734072017
0.894736842105263 0.26315789473684204 0.664819944598338
0.894736842105263 0.36842105263157876 0.21052631578947434
0.894736842105263 0.4736842105263157 -0.24376731301939047
0.894736842105263 0.5789473684210527 -0.6980609418282548
0.894736842105263 0.6842105263157894 -1.1523545706371188
0.894736842105263 0.7894736842105261 -1.6066481994459831
0.894736842105263 0.894736842105263 -2.060941828254848
0.894736842105263 1.0 -2.5152354570637123
1.0 -1.0 6.0
1.0 -0.8947368421052632 5.578947368421053
1.0 -0.7894736842105263 5.157894736842105
1.0 -0.6842105263157895 4.7368421052631575
1.0 -0.5789473684210527 4.315789473684211
1.0 -0.4736842105263158 3.8947368421052633
1.0 -0.368421052631579 3.473684210526316
1.0 -0.26315789473684215 3.0526315789473686
1.0 -0.1578947368421053 2.6315789473684212
1.0 -0.052631578947368474 2.210526315789474
1.0 0.05263157894736836 1.7894736842105265
1.0 0.1578947368421053 1.3684210526315788
1.0 0.26315789473684204 0.9473684210526319
1.0 0.36842105263157876 0.526315789473685
1.0 0.4736842105263157 0.10526315789473717
1.0 0.5789473684210527 -0.3157894736842102
1.0 0.6842105263157894 -0.7368421052631575
1.0 0.7894736842105261 -1.1578947368421049
1.0 0.894736842105263 -1.5789473684210522
1.0 1.0 -2.0
