2 100 -5 5 300
0.0 0.0 2.0
0.023411371237458192 0.023411371237458192 2.0111573510258083
0.046822742474916385 0.046822742474916385 2.0212172639954225
0.07023411371237458 0.07023411371237458 2.030179036203077
0.09364548494983277 0.09364548494983277 2.038042565479557
0.11705685618729096 0.11705685618729096 2.0448083495891924
0.14046822742474915 0.14046822742474915 2.0504774852983187
0.16387959866220736 0.16387959866220736 2.0550516671158032
0.18729096989966554 0.18729096989966554 2.0585331857064197
0.21070234113712372 0.21070234113712372 2.060924925978035
0.23411371237458192 0.23411371237458192 2.0622303648437383
0.25752508361204013 0.25752508361204013 2.0624535686602328
0.2809364548494983 0.2809364548494983 2.061599190343989
0.3043478260869565 0.3043478260869565 2.059672466166819
0.3277591973244147 0.3277591973244147 2.056679212232728
0.3511705685618729 0.3511705685618729 2.0526258206380588
0.3745819397993311 0.3745819397993311 2.0475192553171193
0.39799331103678925 0.39799331103678925 2.0413670475756716
0.42140468227424743 0.42140468227424743 2.034177291314803
0.44481605351170567 0.44481605351170567 2.0259586379478987
0.46822742474916385 0.46822742474916385 2.016720291013586
0.491638795986622 0.491638795986622 2.006472000487687
0.5150501672240803 0.5150501672240803 1.9952240567973931
0.5384615384615384 0.5384615384615384 1.9829872845410252
0.5618729096989966 0.5618729096989966 1.9697730359169094
0.5852842809364548 0.5852842809364548 1.9555931838650573
0.608695652173913 0.608695652173913 1.9404601149254994
0.6321070234113711 0.6321070234113711 1.9243867218172703
0.6555183946488294 0.6555183946488294 1.9073863957421981
0.6789297658862876 0.6789297658862876 1.889473018417808
0.7023411371237458 0.7023411371237458 1.8706609538437848
0.725752508361204 0.725752508361204 1.850965039806601
0.7491638795986622 0.7491638795986622 1.8304005791270443
0.7725752508361203 0.7725752508361203 1.8089833306555307
0.7959866220735785 0.7959866220735785 1.7867295000202228
0.8193979933110367 0.8193979933110367 1.7636557301331068
0.8428093645484949 0.8428093645484949 1.739779091459316
0.8662207357859532 0.8662207357859532 1.715117072055119
0.8896321070234113 0.8896321070234113 1.6896875673801106
0.9130434782608695 0.9130434782608695 1.6635088698892782
0.9364548494983277 0.9364548494983277 1.6365996584107259
0.9598662207357859 0.9598662207357859 1.60897898731496
0.983277591973244 0.983277591973244 1.5806662754817555
1.0066889632107023 1.0066889632107023 1.5516812950707284
1.0301003344481605 1.0301003344481605 1.5220441601018513
1.0535117056856187 1.0535117056856187 1.491775314852249
1.0769230769230769 1.0769230769230769 1.460895522075714
1.100334448160535 1.100334448160535 1.4294258510514761
1.1237458193979932 1.1237458193979932 1.3973876654688553
1.1471571906354514 1.1471571906354514 1.3648026111545173
1.1705685618729096 1.1705685618729096 1.3316926036491301
1.1939799331103678 1.1939799331103678 1.2980798156403157
1.217391304347826 1.217391304347826 1.2639866642588502
1.2408026755852841 1.2408026755852841 1.2294357982451602
1.2642140468227423 1.2642140468227423 1.194450084993219
1.2876254180602005 1.2876254180602005 1.159052597479017
1.3110367892976589 1.3110367892976589 1.1232666010808465
1.334448160535117 1.334448160535117 1.0871155402986998
1.3578595317725752 1.3578595317725752 1.0506230253801236
1.3812709030100334 1.3812709030100334 1.0138128188599413
1.4046822742474916 1.4046822742474916 0.9767088220212856
1.4280936454849498 1.4280936454849498 0.9393350612854328
1.451505016722408 1.451505016722408 0.9017156745379713
1.4749163879598661 1.4749163879598661 0.8638748973988644
1.4983277591973243 1.4983277591973243 0.8258370494440009
1.5217391304347825 1.5217391304347825 0.7876265203858578
1.5451505016722407 1.5451505016722407 0.7492677562209084
1.5685618729096988 1.5685618729096988 0.7107852453514417
1.591973244147157 1.591973244147157 0.6722035046894607
1.6153846153846152 1.6153846153846152 0.6335470657503426
1.6387959866220734 1.6387959866220734 0.5948404607439459
1.6622073578595316 1.6622073578595316 0.5561082086708515
1.6856187290969897 1.6856187290969897 0.5173748014314205
1.7090301003344481 1.7090301003344481 0.47866468995534356
1.7324414715719063 1.7324414715719063 0.44000227035934864
1.7558528428093645 1.7558528428093645 0.4014118701407054
1.7792642140468227 1.7792642140468227 0.36291773441416325
1.8026755852842808 1.8026755852842808 0.324544012199919
1.826086956521739 1.826086956521739 0.28631474277018754
1.8494983277591972 1.8494983277591972 0.2482538420619188
1.8729096989966554 1.8729096989966554 0.21038508916316
1.8963210702341136 1.8963210702341136 0.17273211288053014
1.9197324414715717 1.9197324414715717 0.13531837839521887
1.94314381270903 1.94314381270903 0.09816717401488007
1.966555183946488 1.966555183946488 0.06130159802873292
1.9899665551839463 1.9899665551839463 0.02474454567312767
2.0133779264214047 2.0133779264214047 -0.011481303785230823
2.0367892976588626 2.0367892976588626 -0.04735349984126602
2.060200668896321 2.060200668896321 -0.08284983341167118
2.083612040133779 2.083612040133779 -0.11794834935620258
2.1070234113712374 2.1070234113712374 -0.15262735885323753
2.1304347826086953 2.1304347826086953 -0.18686545162274337
2.1538461538461537 2.1538461538461537 -0.22064150798993598
2.1772575250836117 2.1772575250836117 -0.25393471078294827
2.20066889632107 2.20066889632107 -0.2867245570579662
2.224080267558528 2.224080267558528 -0.31899086964533996
2.2474916387959865 2.2474916387959865 -0.35071380851032197
2.270903010033445 2.270903010033445 -0.381873881922146
2.294314381270903 2.294314381270903 -0.41245195742529506
2.317725752508361 2.317725752508361 -0.4424292726069077
2.341137123745819 2.341137123745819 -0.47178744565436903
2.3645484949832776 2.3645484949832776 -0.500508485697283
2.3879598662207355 2.3879598662207355 -0.5285748029281008
2.411371237458194 2.411371237458194 -0.5559692184958401
2.434782608695652 2.434782608695652 -0.5826749741674233
2.4581939799331103 2.4581939799331103 -0.6086757417513196
2.4816053511705682 2.4816053511705682 -0.6339556322782807
2.5050167224080266 2.5050167224080266 -0.6584992049341188
2.5284280936454846 2.5284280936454846 -0.6822914757395876
2.551839464882943 2.551839464882943 -0.7053179259725926
2.575250836120401 2.575250836120401 -0.7275645103280735
2.5986622073578594 2.5986622073578594 -0.7490176648110713
2.6220735785953178 2.6220735785953178 -0.7696643143586136
2.6454849498327757 2.6454849498327757 -0.7894918801862275
2.668896321070234 2.668896321070234 -0.8084882868550233
2.692307692307692 2.692307692307692 -0.8266419690554487
2.7157190635451505 2.7157190635451505 -0.8439418781039822
2.7391304347826084 2.7391304347826084 -0.860377488149173
2.762541806020067 2.762541806020067 -0.8759388020836132
2.785953177257525 2.785953177257525 -0.8906163571585786
2.809364548494983 2.809364548494983 -0.9044012302982445
2.832775919732441 2.832775919732441 -0.9172850431105422
2.8561872909698995 2.8561872909698995 -0.9292599665919017
2.8795986622073575 2.8795986622073575 -0.9403187255232761
2.903010033444816 2.903010033444816 -0.9504546025550327
2.926421404682274 2.926421404682274 -0.9596614419784536
2.9498327759197323 2.9498327759197323 -0.9679336531817694
2.97324414715719 2.97324414715719 -0.9752662137888182
2.9966555183946486 2.9966555183946486 -0.9816546724786005
3.020066889632107 3.020066889632107 -0.9870951514841767
3.043478260869565 3.043478260869565 -0.9915843487695264
3.0668896321070234 3.0668896321070234 -0.9951195398831745
3.0903010033444813 3.0903010033444813 -0.9976985794875549
3.1137123745819397 3.1137123745819397 -0.9993199025632762
3.1371237458193977 3.1371237458193977 -0.9999825252876207
3.160535117056856 3.160535117056856 -0.9996860455867934
3.183946488294314 3.183946488294314 -0.9984306433616175
3.2073578595317724 3.2073578595317724 -0.9962170803865509
3.2307692307692304 3.2307692307692304 -0.9930466998820805
3.254180602006689 3.254180602006689 -0.9889214257607283
3.2775919732441468 3.2775919732441468 -0.9838437615470872
3.301003344481605 3.301003344481605 -0.977816788972479
3.324414715719063 3.324414715719063 -0.9708441662450139
3.3478260869565215 3.3478260869565215 -0.9629301259959988
3.3712374581939795 3.3712374581939795 -0.9540794729038345
3.394648829431438 3.394648829431438 -0.9442975809967027
3.4180602006688963 3.4180602006688963 -0.9335903906355385
3.441471571906354 3.441471571906354 -0.9219644051789474
3.4648829431438126 3.4648829431438126 -0.9094266873319024
3.4882943143812706 3.4882943143812706 -0.8959848551802444
3.511705685618729 3.511705685618729 -0.8816470779131583
3.535117056856187 3.535117056856187 -0.8664220712359981
3.5585284280936453 3.5585284280936453 -0.8503190924759765
3.5819397993311033 3.5819397993311033 -0.8333479353834273
3.6053511705685617 3.6053511705685617 -0.8155189246315026
3.6287625418060196 3.6287625418060196 -0.7968429100173375
3.652173913043478 3.652173913043478 -0.7773312603678815
3.675585284280936 3.675585284280936 -0.7569958571537557
3.6989966555183944 3.6989966555183944 -0.7358490878146565
3.7224080267558524 3.7224080267558524 -0.7139038387999883
3.7458193979933108 3.7458193979933108 -0.6911734883285587
3.769230769230769 3.769230769230769 -0.6676718988713367
3.792642140468227 3.792642140468227 -0.6434134093614081
3.8160535117056855 3.8160535117056855 -0.6184128271354318
3.8394648829431435 3.8394648829431435 -0.5926854196110426
3.862876254180602 3.862876254180602 -0.5662469057047794
3.88628762541806 3.88628762541806 -0.5391134469952873
3.9096989966555182 3.9096989966555182 -0.5113016386366505
3.933110367892976 3.933110367892976 -0.48282850002688427
3.9565217391304346 3.9565217391304346 -0.453711465236715
3.9799331103678925 3.9799331103678925 -0.42396837320394665
4.0033444816053505 4.0033444816053505 -0.39361745769880174
4.026755852842809 4.026755852842809 -0.3626773370657894
4.050167224080267 4.050167224080267 -0.331167003747752
4.073578595317725 4.073578595317725 -0.29910581359786004
4.096989966555183 4.096989966555183 -0.2665134749854706
4.120401337792642 4.120401337792642 -0.2334100377018412
4.1438127090301 4.1438127090301 -0.19981588167183484
4.167224080267558 4.167224080267558 -0.16575170547782336
4.190635451505017 4.190635451505017 -0.13123851470214642
4.214046822742475 4.214046822742475 -0.09629761009454207
4.237458193979933 4.237458193979933 -0.06095057557107364
4.260869565217391 4.260869565217391 -0.02521926605119229
4.2842809364548495 4.2842809364548495 0.010874204860369052
4.3076923076923075 4.3076923076923075 0.047307477340058024
4.331103678929765 4.331103678929765 0.08405795795346438
4.354515050167223 4.354515050167223 0.12110283239779274
4.377926421404682 4.377926421404682 0.15841907837183722
4.40133779264214 4.40133779264214 0.1959834785663377
4.424749163879598 4.424749163879598 0.23377263376756674
4.448160535117056 4.448160535117056 0.2717629760668899
4.471571906354515 4.471571906354515 0.3099307821690257
4.494983277591973 4.494983277591973 0.3482521867916418
4.518394648829431 4.518394648829431 0.3867031961489139
4.54180602006689 4.54180602006689 0.4252597015115712
4.565217391304348 4.565217391304348 0.4638974928359567
4.588628762541806 4.588628762541806 0.5025922724545875
4.612040133779264 4.612040133779264 0.5413196688206253
4.635451505016722 4.635451505016722 0.5800552502986911
4.65886287625418 4.65886287625418 0.6187745389943866
4.682274247491638 4.682274247491638 0.6574530246149083
4.705685618729096 4.705685618729096 0.6960661783530647
4.729096989966555 4.729096989966555 0.7345894667870527
4.752508361204013 4.752508361204013 0.7729983657882905
4.775919732441471 4.775919732441471 0.8112683744296484
4.799331103678929 4.799331103678929 0.8493750288863601
4.822742474916388 4.822742474916388 0.8872939163219542
4.846153846153846 4.846153846153846 0.9250006887515138
4.869565217391304 4.869565217391304 0.9624710768746204
4.892976588628763 4.892976588628763 0.9996809038703107
4.916387959866221 4.916387959866221 1.036606099146426
4.9397993311036785 4.9397993311036785 1.0732227120357678
4.9632107023411365 4.9632107023411365 1.1095069254314527
4.986622073578595 4.986622073578595 1.145435069353951
5.010033444816053 5.010033444816053 1.180983634442283
5.033444816053511 5.033444816053511 1.2161292853619292
5.056856187290969 5.056856187290969 1.2508488741220118
5.080267558528428 5.080267558528428 1.2851194532943917
5.103678929765886 5.103678929765886 1.3189182891273519
5.127090301003344 5.127090301003344 1.352222874546627
5.150501672240802 5.150501672240802 1.3850109420365482
5.173913043478261 5.173913043478261 1.4172604763941994
5.197324414715719 5.197324414715719 1.448949727349492
5.220735785953177 5.220735785953177 1.480057222044198
5.2441471571906355 5.2441471571906355 1.51056177736299
5.2675585284280935 5.2675585284280935 1.5404425121096739
5.290969899665551 5.290969899665551 1.5696788590218687
5.314381270903009 5.314381270903009 1.5982505766174482
5.337792642140468 5.337792642140468 1.6261377608661933
5.361204013377926 5.361204013377926 1.6533208566801663
5.384615384615384 5.384615384615384 1.6797806692164428
5.408026755852842 5.408026755852842 1.705498374985912
5.431438127090301 5.431438127090301 1.7304555327619853
5.454849498327759 5.454849498327759 1.7546340942831482
5.478260869565217 5.478260869565217 1.7780164147434194
5.501672240802675 5.501672240802675 1.8005852630648689
5.525083612040134 5.525083612040134 1.8223238319464943
5.548494983277592 5.548494983277592 1.8432157476838587
5.57190635451505 5.57190635451505 1.8632450797540354
5.5953177257525075 5.5953177257525075 1.8823963501605072
5.618729096989966 5.618729096989966 1.9006545425328258
5.642140468227424 5.642140468227424 1.9180051109759542
5.665551839464882 5.665551839464882 1.9344339886643627
5.688963210702341 5.688963210702341 1.9499275961760785
5.712374581939799 5.712374581939799 1.9644728495620314
5.735785953177257 5.735785953177257 1.9780571681462014
5.759197324414715 5.759197324414715 1.9906684820521918
5.782608695652174 5.782608695652174 2.002295239452025
5.806020066889632 5.806020066889632 2.0129264135330973
5.82943143812709 5.82943143812709 2.022551509179391
5.852842809364548 5.852842809364548 2.0311605693631916
5.8762541806020065 5.8762541806020065 2.038744181243718
5.8996655518394645 5.8996655518394645 2.045293481969241
5.9230769230769225 5.9230769230769225 2.050800164179418
5.94648829431438 5.94648829431438 2.055256481204736
5.969899665551839 5.969899665551839 2.0586552519601375
5.993311036789297 5.993311036789297 2.0609898655300407
6.016722408026755 6.016722408026755 2.0622542854421684
6.040133779264214 6.040133779264214 2.062443053627745
6.063545150501672 6.063545150501672 2.0615512940658034
6.08695652173913 6.08695652173913 2.059574716109516
6.110367892976588 6.110367892976588 2.0565096174926394
6.133779264214047 6.133779264214047 2.0523528870143264
6.157190635451505 6.157190635451505 2.0471020069007593
6.180602006688963 6.180602006688963 2.040755054842202
6.204013377926421 6.204013377926421 2.033310705704283
6.2274247491638794 6.2274247491638794 2.024768232912462
6.250836120401337 6.250836120401337 2.015127509508851
6.274247491638795 6.274247491638795 2.0043890088807017
6.297658862876253 6.297658862876253 1.9925538051600864
6.321070234113712 6.321070234113712 1.9796235732944487
6.34448160535117 6.34448160535117 1.9656005887879062
6.367892976588628 6.367892976588628 1.9504877271133478
6.391304347826087 6.391304347826087 1.9342884627955645
6.414715719063545 6.414715719063545 1.917006868165824
6.438127090301003 6.438127090301003 1.8986476117884747
6.461538461538461 6.461538461538461 1.8792159565603639
6.48494983277592 6.48494983277592 1.8587177574840081
6.508361204013378 6.508361204013378 1.837159459115662
6.5317725752508355 6.5317725752508355 1.81454809268957
6.5551839464882935 6.5551839464882935 1.7908912729199162
6.578595317725752 6.578595317725752 1.7661971944821127
6.60200668896321 6.60200668896321 1.7404746281752785
6.625418060200668 6.625418060200668 1.7137329167679107
6.648829431438126 6.648829431438126 1.6859819705289478
6.672240802675585 6.672240802675585 1.6572322624465787
6.695652173913043 6.695652173913043 1.6274948231373318
6.719063545150501 6.719063545150501 1.5967812354481339
6.742474916387959 6.742474916387959 1.5651036287542288
6.765886287625418 6.765886287625418 1.5324746729559746
6.789297658862876 6.789297658862876 1.4989075721777365
6.812709030100334 6.812709030100334 1.464416058172216
6.8361204013377925 6.8361204013377925 1.4290143834337774
6.8595317725752505 6.8595317725752505 1.3927173140244336
6.882943143812708 6.882943143812708 1.3555401221163368
6.906354515050166 6.906354515050166 1.3174985782547903
6.929765886287625 6.929765886287625 1.278608943345919
6.953177257525083 6.953177257525083 1.238887960373314
6.976588628762541 6.976588628762541 1.198352845848093
7.0 7.0 1.1570212809969893
